"b64" <-
structure(list(coords = structure(c(0.0555, 0.182492, 0.309484, 
0.436476, 0.563468, 0.69046, 0.817452, 0.944444, 0.0555, 0.182492, 
0.309484, 0.436476, 0.563468, 0.69046, 0.817452, 0.944444, 0.0555, 
0.182492, 0.309484, 0.436476, 0.563468, 0.69046, 0.817452, 0.944444, 
0.0555, 0.182492, 0.309484, 0.436476, 0.563468, 0.69046, 0.817452, 
0.944444, 0.0555, 0.182492, 0.309484, 0.436476, 0.563468, 0.69046, 
0.817452, 0.944444, 0.0555, 0.182492, 0.309484, 0.436476, 0.563468, 
0.69046, 0.817452, 0.944444, 0.0555, 0.182492, 0.309484, 0.436476, 
0.563468, 0.69046, 0.817452, 0.944444, 0.0555, 0.182492, 0.309484, 
0.436476, 0.563468, 0.69046, 0.817452, 0.944444, 0.0555, 0.0555, 
0.0555, 0.0555, 0.0555, 0.0555, 0.0555, 0.0555, 0.182492, 0.182492, 
0.182492, 0.182492, 0.182492, 0.182492, 0.182492, 0.182492, 0.309484, 
0.309484, 0.309484, 0.309484, 0.309484, 0.309484, 0.309484, 0.309484, 
0.436476, 0.436476, 0.436476, 0.436476, 0.436476, 0.436476, 0.436476, 
0.436476, 0.563468, 0.563468, 0.563468, 0.563468, 0.563468, 0.563468, 
0.563468, 0.563468, 0.69046, 0.69046, 0.69046, 0.69046, 0.69046, 
0.69046, 0.69046, 0.69046, 0.817452, 0.817452, 0.817452, 0.817452, 
0.817452, 0.817452, 0.817452, 0.817452, 0.944444, 0.944444, 0.944444, 
0.944444, 0.944444, 0.944444, 0.944444, 0.944444), .Dim = c(64, 2)),
data = c(0, 2, 1, 0, 3, 3, 1, 1, 2, 4, 
3, 4, 2, 4, 0, 2, 2, 3, 3, 1, 3, 2, 1, 1, 1, 2, 1, 1, 1, 1, 1, 
2, 2, 4, 1, 2, 0, 2, 1, 1, 2, 3, 1, 2, 2, 1, 1, 0, 2, 1, 1, 3, 
3, 3, 2, 1, 3, 0, 1, 3, 1, 4, 0, 1),
units.m = c(4, 4, 4, 4, 4, 4, 4, 4, 4, 4, 4, 4, 4, 4, 4, 4, 4,
  4, 4, 4, 4, 4, 4, 4, 4, 4, 4, 4, 4, 4, 4, 4, 4, 4, 4, 4, 4,
  4, 4, 4, 4, 4, 4, 4, 4, 4, 4, 4, 4, 4, 4, 4, 4, 4, 4, 4, 4,
  4, 4, 4, 4, 4, 4, 4),
cov.model = "exponential", 
nugget = 0,
cov.pars = c(0.5, 0.2),
kappa = 0.5),
class = "geodata")
