"p50" <-
structure(list(coords = structure(c(0, 1, 2, 3, 4, 5, 6, 7, 8, 
9, 0, 1, 2, 3, 4, 5, 6, 7, 8, 9, 0, 1, 2, 3, 4, 5, 6, 7, 8, 9, 
0, 1, 2, 3, 4, 5, 6, 7, 8, 9, 0, 1, 2, 3, 4, 5, 6, 7, 8, 9, 0, 
0, 0, 0, 0, 0, 0, 0, 0, 0, 1, 1, 1, 1, 1, 1, 1, 1, 1, 1, 2, 2, 
2, 2, 2, 2, 2, 2, 2, 2, 3, 3, 3, 3, 3, 3, 3, 3, 3, 3, 4, 4, 4, 
4, 4, 4, 4, 4, 4, 4), .Dim = c(50, 2)), 
data = c(5, 2, 3, 1, 0, 3, 1, 2, 15, 7, 17, 1, 0, 1, 5, 6, 18, 
0, 2, 5, 3, 5, 5, 5, 17, 0, 5, 4, 9, 7, 5, 2, 3, 2, 1, 5, 2, 3, 
1, 2, 2, 8, 1, 2, 6, 20, 0, 1, 2, 5), 
units.m = c(1, 1, 1, 1, 1, 1, 1, 1, 1, 1, 1, 1, 1, 1, 1, 1, 1, 
1, 1, 1, 2, 2, 2, 2, 2, 2, 2, 2, 2, 2, 1, 1, 1, 1, 1, 1, 1, 1, 
1, 1, 1, 1, 1, 1, 1, 1, 1, 1, 1, 1), 
cov.model = "exponential", nugget = 0, cov.pars = c(0.1, 1), kappa = 0.5),
class = "geodata")
