"rongelap" <-
structure(list(coords = structure(c(-6050, -6050, -5925, 
    -5925, -5800, -5800, -5625, -5700, -5700, -5700, -5700, -5700, 
    -5660, -5660, -5660, -5660, -5660, -5620, -5620, -5620, -5620, 
    -5620, -5580, -5580, -5580, -5580, -5580, -5540, -5540, -5540, 
    -5540, -5540, -5450, -5450, -5330, -5330, -5330, -5330, -5330, 
    -5290, -5290, -5290, -5290, -5290, -5250, -5250, -5250, -5250, 
    -5250, -5210, -5210, -5210, -5210, -5210, -5170, -5170, -5170, 
    -5170, -5170, -5050, -5050, -4900, -4900, -4700, -4500, -4500, 
    -4300, -4100, -3900, -3700, -3500, -3300, -3100, -2900, -2700, 
    -2500, -2300, -2100, -1900, -1700, -1500, -1300, -1200, -1000, 
    -1000, -800, -800, -800, -680, -680, -680, -680, -680, -640, 
    -640, -640, -640, -640, -600, -600, -600, -600, -600, -600, -600, 
    -560, -560, -560, -560, -560, -530, -520, -520, -520, -520, -520, 
    -480, -480, -480, -440, -440, -440, -440, -440, -400, -400, -400, 
    -400, -400, -400, -400, -400, -400, -360, -360, -360, -360, -360, 
    -320, -320, -320, -320, -320, -250, -220, -220, -200, -200, -200, 
    -200, -200, -200, -200, -200, -70, -50, -50, 
    -3270, -3165, 
    -3320, -3165, -3350, -3165, -3350, -3260, -3220, -3180, -3140, 
    -3100, -3260, -3220, -3180, -3140, -3100, -3260, -3220, -3180, 
    -3140, -3100, -3260, -3220, -3180, -3140, -3100, -3260, -3220, 
    -3180, -3140, -3100, -3350, -3165, -3430, -3390, -3350, -3310, 
    -3270, -3430, -3390, -3350, -3310, -3270, -3430, -3390, -3350, 
    -3310, -3270, -3430, -3390, -3350, -3310, -3270, -3430, -3390, 
    -3350, -3310, -3270, -3300, -3165, -3200, -3100, -3025, -3000, 
    -2920, -2860, -2710, -2660, -2560, -2510, -2460, -2440, -2410, 
    -2360, -2310, -2260, -2210, -2160, -2110, -2080, -2100, -2000, 
    -2120, -2000, -2150, -2000, -1800, -1880, -1840, -1800, -1760, 
    -1720, -1880, -1840, -1800, -1760, -1720, -2200, -2000, -1880, 
    -1840, -1800, -1760, -1720, -1880, -1840, -1800, -1760, -1720, 
    -1600, -1880, -1840, -1800, -1760, -1720, -1480, -1440, -1400, 
    -1480, -1440, -1400, -1360, -1320, -2200, -2000, -1800, -1600, 
    -1480, -1440, -1400, -1360, -1320, -1480, -1440, -1400, -1360, 
    -1320, -1480, -1440, -1400, -1360, -1320, -2000, -1800, -1600, 
    -1400, -1200, -1000, -800, -600, -400, -200, 0, -800, -600, -400), 
    .Dim = c(157, 2)), 
data = c(75, 371, 1931, 4357, 
    2114, 2318, 1975, 1912, 1902, 1882, 3017, 6570, 2616, 2275, 2432, 
    2754, 3452, 1726, 2118, 2269, 4629, 1840, 2691, 4084, 2187, 4531, 
    2022, 1822, 2800, 2722, 4083, 1650, 2890, 2776, 2525, 3580, 2960, 
    3100, 3611, 1813, 2560, 3733, 2273, 3437, 2603, 2148, 5636, 3050, 
    3287, 2603, 4044, 2560, 3019, 2407, 2735, 3020, 2215, 3414, 1688, 
    3447, 1091, 3279, 3101, 2370, 2902, 1401, 892, 1872, 2610, 3548, 
    2652, 2625, 2314, 2148, 2574, 2838, 2888, 1983, 1945, 1255, 3296, 
    1552, 2542, 1705, 2249, 690, 1767, 1577, 2581, 3083, 4780, 7021, 
    4025, 2310, 2605, 3925, 4557, 3423, 929, 2811, 1464, 2467, 5815, 
    3540, 6463, 1688, 1864, 3805, 3230, 2875, 678, 2381, 2075, 3512, 
    3668, 3424, 2865, 2363, 3962, 2639, 2959, 3500, 2902, 1314, 1196, 
    2005, 2410, 2809, 3461, 4318, 3824, 4071, 4376, 2827, 1677, 3701, 
    3021, 4156, 3153, 3281, 2935, 3026, 3612, 948, 1314, 788, 1323, 
    1948, 2446, 2481, 21386, 17168, 5905, 12278, 1248, 1074, 1205), 
units.m = c(300, 300, 300, 300, 300, 300, 300, 300, 300, 300, 
    300, 600, 300, 300, 300, 300, 300, 400, 300, 300, 400, 300, 360, 
    300, 400, 300, 300, 300, 300, 300, 300, 400, 300, 300, 300, 300, 
    300, 300, 300, 200, 300, 300, 300, 300, 300, 200, 600, 300, 300, 
    300, 300, 300, 300, 300, 200, 300, 300, 300, 300, 300, 300, 300, 
    300, 300, 300, 300, 300, 300, 300, 300, 300, 300, 300, 300, 300, 
    300, 300, 300, 300, 300, 300, 300, 300, 300, 300, 300, 300, 300, 
    300, 300, 600, 600, 600, 300, 300, 600, 600, 600, 300, 300, 300, 
    300, 900, 600, 600, 300, 300, 600, 600, 600, 300, 300, 300, 600, 
    600, 600, 400, 400, 600, 400, 400, 600, 600, 600, 300, 300, 300, 
    300, 400, 400, 900, 600, 600, 400, 400, 600, 600, 600, 400, 400, 
    600, 600, 600, 300, 300, 300, 300, 300, 300, 300, 1800, 1800, 
    1240, 1800, 300, 200, 200),